308.8511840841421 0.019384733157728058 331419371.49410623 22061617.942511056 -10591558.693849107 24167527.192454368
308.55206791458727 0.02268469417242784 309003070.1178295 22377047.727160018 -21111382.757716753 24879653.049551815
308.2506506033385 0.017579603158351647 305560020.2085304 23760967.732411664 -9822437.594405513 23077683.398137286
307.5338963485645 0.018763727635747966 298528452.87510175 23640218.506204948 15933197.564337106 24858608.377952088
307.16941663936797 0.02307111491086685 299761196.8163169 24574937.34626702 26653373.563329555 23508890.583319325
306.41326982574816 0.02061982430702628 285914342.0488176 22904652.686466787 -14152286.935932595 22507457.799870458
305.72707572813266 0.0267795312018209 255117901.89348683 23063109.76843215 -26932855.38477371 22978613.72543761
305.3168268574112 0.02099587877995036 279203276.79763967 22845469.779445283 -9589031.604531998 24085766.27746264
304.6877288738329 0.021747748274607216 260819545.97598037 23145850.148027577 -21133298.730095938 22063612.144244585
304.3203980979501 0.01812809657405661 299948748.69732183 24094526.703119088 -12395005.463161543 23188480.046891235
303.8799230855791 0.020433843301753424 276159225.8050396 23276881.320619974 -1493910.5030844882 22543959.760508038
303.5178714111338 0.027117396767056212 286039922.36891896 23615206.235742707 40514769.43949259 22454814.842112005
302.8955286251434 0.028700108403941677 307215174.8879162 22202811.33901714 -16369195.58109786 22892759.501158457
302.80635059534063 0.021488752790097432 320231433.9826252 22994875.256709196 7295136.647684361 23567407.886316374
302.3273239432166 0.02407424527302368 323328737.4545089 22974274.995943073 28322476.846456163 21406445.971694086
301.8540864558095 0.016718532155528872 302804149.3971029 22867039.524479933 8035763.316133639 22382748.509423427
301.06376766317857 0.02057467449406022 330354353.016103 22711265.500411917 -954683.1933742537 21311793.261513554
300.76586297120025 0.0198897846500767 311812809.4055466 23517160.03130381 -7054474.991611316 22332375.964161023
300.35601488243475 0.02089334161613277 299457581.8253373 23084825.14446189 -5572424.298480751 21235195.82184371
300.1018497708466 0.0185719187217026 316505550.1227347 24783668.67401675 25413267.812395994 22815259.25467326
299.6816598397683 0.022575396953612888 279181693.9269597 20934011.582349107 -14128265.95176162 22839864.60017334
299.4220477088294 0.019371515673335702 302046810.42721283 21382297.8311923 6803031.234685416 23334482.238550726
299.04017645487346 0.02098969918990926 309542348.4275877 22971772.59258844 8393981.363719271 22804748.141898833
298.64152199373086 0.019599978655658504 295063910.601274 22043695.17896321 -19568702.55252276 23063524.109446798
298.14477581326656 0.022284744239631355 305622308.74074054 23500379.66025859 -30253737.230461597 22809731.30578622
297.48209216461066 0.021603601617376993 294586931.5510733 20745471.3346774 -7738351.701356344 22032165.66763738
296.82915550659226 0.021258828529743957 310886309.504794 22323127.38702393 18002232.23476073 23097600.509424996
296.43626149365593 0.018697858297635324 344836165.0613949 22582535.445518635 2919449.630664244 22760604.72808261
296.13491175468727 0.021843576517132257 366828219.33357257 22128524.667427864 -54518010.26197045 21526818.812141754
295.9905179420812 0.02468614920874673 337681876.73295885 21577489.56084829 -1901685.8561546819 21602861.19464839
295.4908506329694 0.016759402497909807 331299932.7531324 23670929.13474567 31503829.01781863 22616906.88824205
295.2596669099556 0.019100812432704915 303973025.08719283 22628468.635348596 -14874420.626382027 22297690.87506182
294.6978358292661 0.020270464345395756 312246256.13824916 22251965.807271745 5293139.8076637 23324809.18761007
293.8879715061736 0.021259290777080806 325532086.76595855 24370173.68139398 8244576.459245756 23181954.349131394
293.13266539360336 0.02573659602637131 325970516.5537444 23637846.17283528 -10419663.373435894 23464882.904097006
293.0092616118786 0.02506483400775273 331069127.2603493 21122090.592435308 -17858314.94215657 21954506.283023216
292.54743257655286 0.02546372708805767 312103797.57166415 23268026.767901123 -9364546.643771231 22776557.75904501
292.04510077346316 0.02933994908559479 300618027.17929524 23144059.13973631 -11705668.843402075 22624909.025172696
291.50404242969574 0.023341254042305137 288641596.59523875 22831567.105653808 3128000.9183718874 22228020.33384951
290.9255809468647 0.022267757731958774 282938961.47005963 23759097.77118749 -2177402.551760487 22880442.11950923
